R	3.0149	1.5563	1.0211	1477010443150000	-0.0024	2.8500	-0.0314	0.9995
L	-0.4352	3.3080	1477010443550000	-0.0431	3.2476	-0.1564	0.9877
R	3.9220	1.6358	0.7767	1477010443950000	-0.1334	3.6370	-0.2790	0.9603
L	-0.2751	3.9900	1477010444350000	-0.2717	4.0121	-0.3971	0.9178
R	4.6357	1.6937	1.4430	1477010444750000	-0.4560	4.3668	-0.5090	0.8607
L	-0.5385	4.6383	1477010445150000	-0.6833	4.6957	-0.6129	0.7902
R	4.9243	1.7400	1.0585	1477010445550000	-0.9500	4.9934	-0.7071	0.7071
L	-1.5072	5.0889	1477010445950000	-1.2519	5.2554	-0.7902	0.6129
R	4.7376	1.8577	1.0077	1477010446350000	-1.5843	5.4775	-0.8607	0.5090
L	-1.6389	5.7748	1477010446750000	-1.9418	5.6562	-0.9178	0.3971
R	6.4924	1.9961	0.8230	1477010447150000	-2.3190	5.7886	-0.9603	0.2790
L	-2.5490	5.7523	1477010447550000	-2.7098	5.8728	-0.9877	0.1564
R	7.1718	2.0823	0.8275	1477010447950000	-3.1080	5.9073	-0.9995	0.0314
L	-3.7316	5.5548	1477010448350000	-3.5075	5.8916	-0.9956	-0.0941
R	7.0686	2.1826	-0.0333	1477010448750000	-3.9018	5.8259	-0.9759	-0.2181
L	-4.0714	5.5367	1477010449150000	-4.2848	5.7114	-0.9409	-0.3387
R	7.3004	2.2830	0.7536	1477010449550000	-4.6504	5.5498	-0.8910	-0.4540
L	-4.9248	5.5405	1477010449950000	-4.9928	5.3436	-0.8271	-0.5621
R	7.0890	2.3892	0.0496	1477010450350000	-5.3068	5.0961	-0.7501	-0.6613
L	-5.8500	4.7882	1477010450750000	-5.5872	4.8112	-0.6613	-0.7501
R	7.2866	2.4724	-0.2347	1477010451150000	-5.8297	4.4935	-0.5621	-0.8271
L	-6.0057	4.1742	1477010451550000	-6.0305	4.1478	-0.4540	-0.8910
R	7.2268	2.6065	-0.2943	1477010451950000	-6.1864	3.7797	-0.3388	-0.9409
L	-5.9581	3.3697	1477010452350000	-6.2949	3.3950	-0.2182	-0.9759
R	6.6058	2.7002	-0.4661	1477010452750000	-6.3543	2.9997	-0.0941	-0.9956
L	-6.4795	2.9111	1477010453150000	-6.3637	2.6000	0.0314	-0.9995
R	6.5083	2.8501	-0.2313	1477010453550000	-6.3230	2.2024	0.1564	-0.9877
L	-6.2319	1.8520	1477010453950000	-6.2327	1.8130	0.2790	-0.9603
R	6.5453	2.9595	-0.1898	1477010454350000	-6.0944	1.4379	0.3971	-0.9178
L	-6.3039	1.4434	1477010454750000	-5.9101	1.0832	0.5090	-0.8608
R	5.5699	2.9927	-0.5929	1477010455150000	-5.6828	0.7543	0.6129	-0.7902
L	-5.2381	0.2842	1477010455550000	-5.4161	0.4566	0.7071	-0.7071
R	5.0861	3.1197	-0.7891	1477010455950000	-5.1142	0.1946	0.7901	-0.6129
L	-4.7470	0.2296	1477010456350000	-4.7818	-0.0275	0.8607	-0.5091
R	4.3220	-3.0866	-0.8840	1477010456750000	-4.4242	-0.2062	0.9177	-0.3972
L	-4.0303	-0.5242	1477010457150000	-4.0471	-0.3386	0.9603	-0.2790
R	4.1503	-3.0198	-0.3437	1477010457550000	-3.6563	-0.4228	0.9877	-0.1565
L	-3.0888	-0.4618	1477010457950000	-3.2580	-0.4572	0.9995	-0.0314
R	2.3017	-3.0043	-0.6525	1477010458350000	-2.8586	-0.4416	0.9956	0.0941
L	-2.5170	-0.4024	1477010458750000	-2.4643	-0.3759	0.9759	0.2181
R	1.8438	-3.0081	-1.0266	1477010459150000	-2.0813	-0.2614	0.9409	0.3387
L	-1.8710	-0.1977	1477010459550000	-1.7157	-0.0998	0.8910	0.4540
R	1.4355	3.0937	-0.3256	1477010459950000	-1.3732	0.1064	0.8271	0.5621
L	-1.1748	0.4160	1477010460350000	-1.0593	0.3539	0.7501	0.6613
R	0.7246	2.4272	-0.4975	1477010460750000	-0.7789	0.6388	0.6613	0.7501
L	-0.4401	0.8788	1477010461150000	-0.5364	0.9565	0.5621	0.8271
R	1.8401	1.8264	0.6971	1477010461550000	-0.3356	1.3022	0.4540	0.8910
L	-0.2479	1.5021	1477010461950000	-0.1797	1.6703	0.3388	0.9409
R	2.2299	1.6262	0.6385	1477010462350000	-0.0712	2.0550	0.2182	0.9759
L	0.1427	2.2764	1477010462750000	-0.0118	2.4503	0.0941	0.9956
R	3.1824	1.5821	1.1846	1477010463150000	-0.0008	2.8500	0.0000	1.0000
L	-0.0133	3.1737	1477010463550000	0.0274	3.2487	0.1254	0.9921
R	3.3759	1.5673	1.2002	1477010463950000	0.1054	3.6408	0.2487	0.9686
L	0.1884	3.8781	1477010464350000	0.2319	4.0200	0.3682	0.9298
R	4.6593	1.5230	0.8484	1477010464750000	0.4050	4.3803	0.4818	0.8763
L	0.6155	4.7027	1477010465150000	0.6218	4.7162	0.5878	0.8090
R	5.7223	1.4280	0.8830	1477010465550000	0.8790	5.0222	0.6846	0.7289
L	1.1271	5.2261	1477010465950000	1.1726	5.2935	0.7705	0.6374
R	5.5474	1.2597	0.8302	1477010466350000	1.4978	5.5259	0.8443	0.5358
L	1.7269	5.8053	1477010466750000	1.8496	5.7157	0.9048	0.4258
R	6.0778	1.2213	0.4503	1477010467150000	2.2224	5.8600	0.9511	0.3090
L	2.4885	6.3907	1477010467550000	2.6104	5.9563	0.9823	0.1874
R	6.9534	1.0796	0.5039	1477010467950000	3.0073	6.0033	0.9980	0.0628
L	3.3351	6.2662	1477010468350000	3.4071	6.0002	0.9980	-0.0628
R	6.6537	1.0021	0.5782	1477010468750000	3.8032	5.9470	0.9823	-0.1874
L	4.2859	5.8382	1477010469150000	4.1896	5.8445	0.9510	-0.3090
R	7.6090	0.9115	0.2271	1477010469550000	4.5601	5.6944	0.9048	-0.4258
L	4.9384	5.5584	1477010469950000	4.9089	5.4991	0.8443	-0.5358
R	7.3420	0.7584	0.5733	1477010470350000	5.2305	5.2616	0.7705	-0.6374
L	5.4432	5.0337	1477010470750000	5.5197	4.9857	0.6845	-0.7290
R	7.3465	0.6806	-0.1994	1477010471150000	5.7721	4.6757	0.5878	-0.8090
L	5.9463	4.1860	1477010471550000	5.9836	4.3365	0.4817	-0.8763
R	7.1301	0.5864	-0.6287	1477010471950000	6.1510	3.9735	0.3681	-0.9298
L	6.4828	3.5136	1477010472350000	6.2715	3.5924	0.2487	-0.9686
R	7.5952	0.4466	-0.1865	1477010472750000	6.3433	3.1991	0.1253	-0.9921
L	6.2751	2.9452	1477010473150000	6.3653	2.8000	0.0000	-1.0000
R	6.9631	0.3810	-0.1537	1477010473550000	6.3370	2.4012	-0.1253	-0.9921
L	6.2955	2.0682	1477010473950000	6.2591	2.0092	-0.2487	-0.9686
R	6.2741	0.2135	-0.6486	1477010474350000	6.1325	1.6300	-0.3681	-0.9298
L	5.8558	1.2788	1477010474750000	5.9595	1.2696	-0.4818	-0.8763
R	5.3957	0.1320	-0.6201	1477010475150000	5.7427	0.9338	-0.5878	-0.8090
L	5.6224	0.6413	1477010475550000	5.4855	0.6278	-0.6846	-0.7290
R	5.4308	0.0809	-0.5225	1477010475950000	5.1919	0.3565	-0.7705	-0.6374
L	4.9674	0.2122	1477010476350000	4.8667	0.1241	-0.8443	-0.5358
R	4.5937	-0.0028	-1.3604	1477010476750000	4.5149	-0.0658	-0.9048	-0.4258
L	4.0147	-0.1431	1477010477150000	4.1421	-0.2100	-0.9511	-0.3090
R	3.6522	-0.0099	-0.8352	1477010477550000	3.7541	-0.3064	-0.9823	-0.1874
L	3.3243	-0.4297	1477010477950000	3.3572	-0.3533	-0.9980	-0.0628
R	2.5192	-0.1047	-1.0319	1477010478350000	2.9574	-0.3502	-0.9980	0.0628
L	2.7640	-0.1481	1477010478750000	2.5612	-0.2970	-0.9823	0.1874
R	2.2238	-0.0301	-0.8213	1477010479150000	2.1749	-0.1945	-0.9511	0.3090
L	1.6715	0.1537	1477010479550000	1.8043	-0.0445	-0.9048	0.4258
R	1.1261	0.1140	-1.3115	1477010479950000	1.4556	0.1509	-0.8443	0.5358
L	1.4381	0.4751	1477010480350000	1.1340	0.3884	-0.7705	0.6374
R	0.8320	0.6551	0.3741	1477010480750000	0.8448	0.6643	-0.6845	0.7290
L	0.7022	0.9627	1477010481150000	0.5924	0.9743	-0.5878	0.8090
R	0.9823	1.2941	0.8105	1477010481550000	0.3809	1.3135	-0.4818	0.8763
L	0.0830	1.6952	1477010481950000	0.2135	1.6765	-0.3681	0.9298
R	1.9740	1.5040	1.3180	1477010482350000	0.0930	2.0576	-0.2487	0.9686
L	-0.0447	2.3853	1477010482750000	0.0212	2.4509	-0.1253	0.9921
R	2.5669	1.5336	1.4555	1477010483150000	-0.0008	2.8500	0.0000	1.0000
